--- Page 50 ---
-47-
直线模组规格参数
3.3、LMC 直线模组规格-LMC228
电机型号
LMC228-240
重量
LMC228-290
重量
行程(mm)
L(mm)
A(mm)
N
kg
L(mm)
A(mm)
N
kg
500
865
243
8
49.2
921
299
8
54.5
600
965
243
9
52.3
1021
299
9
57.7
700
1065
243
10
55.4
1121
299
10
60.8
800
1165
243
11
58.9
1221
299
11
64.3
900
1265
243
12
62.1
1321
299
12
67.4
1000
1365
243
13
65.6
1421
299
13
70.9
1100
1465
243
14
69.1
1521
299
14
74.4
1200
1565
243
15
71.8
1621
299
15
77.2
1300
1665
243
16
75.3
1721
299
16
80.7
1400
1765
243
17
78.8
1821
299
17
84.2
1500
1865
243
18
81.9
1921
299
18
87.3
1600
1965
243
19
85
2021
299
19
90.4
1700
2065
243
20
88.5
2121
299
20
93.9
1800
2165
243
21
91.7
2221
299
21
97
1900
2265
243
22
95.2
2321
299
22
100.5
2000
2365
243
23
98.7
2421
299
23
104
2100
2465
243
24
101.4
2521
299
24
106.8
2200
2565
243
25
104.9
2621
299
25
110.3
2300
2665
243
26
108.4
2721
299
26
113.8
2400
2765
243
27
111.6
2821
299
27
117.3
2500
2865
243
28
115.1
2921
299
28
120.8
LMC228- 外形尺寸
228-240
滑
台
板
尺
寸
图
228-290
滑
台
板
尺
寸
图
