--- Page 38 ---
-35-
直线模组规格参数
LMC 直线模组规格-LMC118
电机型号
LMC118-130
重量
LMC118-185
重量
LMC118-240
重量
LMC118-355
重量
行程
(mm)
L(mm)
A(mm)
N
kg
L(mm)
A(mm)
N
kg
L(mm)
A(mm)
N
kg
L(mm)
A(mm)
N
kg
200
453
131
4
10
509
187
4
11.7
565
243
5
13.5
677
355
6
17.3
300
553
131
5
11.4
609
187
5
13.2
665
243
6
14.9
777
355
7
18.5
400
653
131
6
12.8
709
187
6
14.6
765
243
7
16.4
877
355
8
20
500
753
131
7
14.3
809
187
7
16
865
243
8
17.8
977
355
9
21.5
600
853
131
8
15.6
909
187
8
17.3
965
243
9
19.2
1077
355
10
22.8
700
953
131
9
17
1009
187
19
18.8
1065
243
10
20.5
1177
355
11
24.3
800
1053
131
10
18.4
1109
187
10
20.2
1165
243
11
22
1277
355
12
25.6
900
1153
131
11
19.9
1209
187
11
21.6
1265
243
12
23.4
1377
355
13
26.9
1000
1253
131
12
21.2
1309
187
12
22.9
1365
243
13
24.8
1477
355
14
28.4
1100
1353
131
13
22.6
1409
187
13
24.3
1465
243
14
26.1
1577
355
15
29.9
1200
1453
131
14
24
1509
187
14
25.8
1565
243
15
27.5
1677
355
16
31.1
1300
1553
131
15
25.5
1609
187
15
27.2
1665
243
16
29
1777
355
17
32.6
1400
1653
131
16
26.9
1709
187
16
28.6
1765
243
17
30.4
1877
355
18
34.1
1500
1753
131
17
28.2
1809
187
17
29.9
1865
243
18
31.8
1977
355
19
35.4
1600
1853
131
18
29.6
1909
187
18
31.4
1965
243
19
33.1
2077
355
20
36.9
1700
1953
131
19
31
2009
187
19
32.8
2065
243
20
34.6
2177
355
21
38.2
1800
2053
131
20
32.5
2109
187
20
34.2
2165
243
21
36
2277
355
22
39.6
1900
2153
131
21
33.9
2209
187
21
35.7
2265
243
22
37.4
2377
355
23
41
2000
2253
131
22
35.2
2309
187
22
37
2365
243
23
38.9
2477
355
24
42.5
LMC118- 外形尺寸
118-240
滑
台
板
尺
寸
图
118-130
滑
台
板
尺
寸
图
118-355
滑
台
板
尺
寸
图
118-185
滑
台
板
尺
寸
图
