--- Page 42 ---
-39-
直线模组规格参数
LMC 直线模组规格-LMC168
电机型号
LMC168-130
重量
LMC168-185
重量
LMC168-240
重量
行程(mm)
L(mm)
A(mm)
N
kg
L(mm)
A(mm)
N
kg
L(mm)
A(mm)
N
kg
300
553
131
5
18.6
609
187
5
21.4
665
243
6
24.8
400
653
131
6
20.9
709
187
6
23.9
765
243
7
27.3
500
753
131
7
23.3
809
187
7
26.3
865
243
8
29.7
600
853
131
8
25.8
909
187
8
28.5
965
243
9
32
700
953
131
9
27.7
1009
187
9
30.7
1065
243
10
34.1
800
1053
131
10
30.1
1109
187
10
33.2
1165
243
11
36.6
900
1153
131
11
32.6
1209
187
11
35.4
1265
243
12
38.8
1000
1253
131
12
34.8
1309
187
12
37.8
1365
243
13
41.2
1100
1353
131
13
37.3
1409
187
13
40.3
1465
243
14
43.7
1200
1453
131
14
39.4
1509
187
14
42.2
1565
243
15
45.6
1300
1553
131
15
41.6
1609
187
15
44.6
1665
243
16
48.1
1400
1653
131
16
44.1
1709
187
16
47.1
1765
243
17
50.5
1500
1753
131
17
46.5
1809
187
17
49.3
1865
243
18
52.7
1600
1853
131
18
48.4
1909
187
18
51.5
1965
243
19
54.9
1700
1953
131
19
50.9
2009
187
19
53.9
2065
243
20
57.3
1800
2053
131
20
53.4
2109
187
20
56.1
2165
243
21
59.5
1900
2153
131
21
55.6
2209
187
21
58.6
2265
243
22
62
2000
2253
131
22
58
2309
187
22
61.1
2365
243
23
64.5
LMC168- 外形尺寸
168-240
滑
台
板
尺
寸
图
168-185
滑
台
板
尺
寸
图
168-130
滑
台
板
尺
寸
图
