--- Page 34 ---
-31-
直线模组规格参数
LMC 直线模组规格-LMC88
电机型号
LMC88-100
重量
LMC88-130
重量
LMC88-185
重量
LMC88-240
重量
行程
(mm)
L(mm) A(mm)
N
kg
L(mm) A(mm)
N
kg
L(mm)
A(mm)
N
kg
L(mm)
A(mm)
N
kg
200
397
75
3
5.3
453
131
4
6.3
509
187
4
7.3
565
243
5
8.5
300
497
75
4
6.4
553
131
5
7.3
609
187
5
8.3
665
243
6
9.4
400
597
75
5
7.4
653
131
6
8.3
709
187
6
9.4
765
243
7
10.5
500
697
75
6
8.4
753
131
7
9.4
809
187
7
10.4
865
243
8
11.6
600
797
75
7
9.5
853
131
8
10.4
909
187
8
11.4
965
243
9
12.6
700
897
75
8
10.4
953
131
9
11.3
1009
187
9
12.4
1065
243
10
13.5
800
997
75
9
11.4
1053
131
10
12.4
1109
187
10
13.4
1165
243
11
14.6
900
1097
75
10
12.5
1153
131
11
13.5
1209
187
11
14.4
1265
243
12
15.6
1000
1197
75
11
13.5
1253
131
12
14.4
1309
187
12
15.5
1365
243
13
16.6
1100
1297
75
12
14.6
1353
131
13
15.5
1409
187
13
16.6
1465
243
14
17.7
1200
1397
75
13
15.5
1453
131
14
16.5
1509
187
14
17.5
1565
243
15
18.6
1300
1497
75
14
16.5
1553
131
15
17.5
1609
187
15
18.5
1665
243
16
19.7
LMC88- 外形尺寸
88-100
滑
台
板
尺
寸
图
88-130
滑
台
板
尺
寸
图
88-240
滑
台
板
尺
寸
图
88-185
滑
台
板
尺
寸
图
