--- Page 46 ---
-43-
直线模组规格参数
LMC 直线模组规格-LMC188
电机型号
LMC188-240
重量
LMC188-355
重量
行程(mm)
L(mm)
A(mm)
N
kg
L(mm)
A(mm)
N
kg
500
865
243
8
34.1
977
355
9
41.6
600
965
243
9
31.3
1077
355
10
44.1
700
1065
243
10
34.1
1177
355
11
46.6
800
1165
243
11
36.6
1277
355
12
49.5
900
1265
243
12
39.1
1377
355
13
52
1000
1365
243
13
42
1477
355
14
54.8
1100
1465
243
14
44.5
1577
355
15
57.6
1200
1565
243
15
47.3
1677
355
16
59.8
1300
1665
243
16
50.1
1777
355
17
62.6
1400
1765
243
17
52.3
1877
355
18
65.5
1500
1865
243
18
55.2
1977
355
19
68
1600
1965
243
19
58
2077
355
20
70.5
1700
2065
243
20
60.5
2177
355
21
73.3
1800
2165
243
21
63
2277
355
22
75.8
1900
2265
243
22
65.8
2377
355
23
78.7
2000
2365
243
23
68.4
2477
355
24
81.5
2100
2465
243
24
71.2
2577
355
25
83.7
2200
2565
243
25
74
2677
355
26
86.5
2300
2665
243
26
76.2
2777
355
27
89.4
2400
2765
243
27
79
2877
355
28
91.9
2500
2865
243
28
81.9
2977
355
29
94.7
LMC188- 外形尺寸
188-240
滑
台
板
尺
寸
图
188-355
滑
台
板
尺
寸
图
